7485
3205
8648
7622
3430
4067
7559
1621
3468
721
5909
2951
5201
948
1540
1216
3786
9192
3044
5667
2939
4680
8744
2923
3969
9386
896
4740
1403
104
4339
2677
1401
1080
5071
1267
2305
712
4683
6680
5784
3145
4727
882
247
1994
1053
4473
9389
9367
8620
2360
3019
3141
1261
7440
8340
4504
5462
140
3419
689
3883
7845
5542
8584
9146
3680
1950
2056
6593
650
4227
3619
3162
3777
9277
5786
9873
2074
6518
8904
7745
7525
7076
5772
9484
3620
2125
234
5922
9176
2962
3360
4191
8646
6699
5909
550
2788
9081
1571
200
7631
7467
7377
666
7462
2405
2008
4988
2319
1105
7994
5880
3122
9154
9306
2795
8956
2875
444
9706
1828
8892
8235
631
1885
7858
4765
3447
5370
204
945
5895
3169
2014
2208
6522
5871
3993
9819
6804
741
6512
5517
1957
5274
3060
4201
6438
1140
7390
5039
5762
4461
7368
5625
4607
1483
6549
2688
2772
3309
3441
433
8321
9402
8298
5363
164
935
8162
4925
8383
7818
537
4030
5322
1320
7007
3820
2163
8798
4445
5038
9844
6213
4654
7004
5910
2678
2658
3440
9074
9144
4108
8849
3669
2593
9717
4492
3273
6996
3962
749
9248
9504
1280
812
4921
7718
6302
4289
2649
4879
3893
5713
5248
4215
313
6202
4715
7076
159
8251
9589
5860
9324
8242
7081
3802
5017
8993
1310
2543
6590
7344
7696
2019
4436
2377
6560
1865
5537
3533
1089
628
4449
9207
8091
6301
3692
9905
7939
5150
8016
2067
4610
5981
9902
4183
1174
1957
6584
4033
3007
4318
6384
1943
3063
550
2391
9063
2402
6629
4201
3444
6683
3288
1108
8440
8825
4678
812
6235
9833
9598
2055
6325
6863
1663
476
3681
357
5452
4510
7133
6354
899
5746
4037
8656
9244
4759
2008
985
4768
4244
7984
3449
1138
1242
2958
1821
7396
4244
3417
8819
4775
1412
1047
3729
5946
9873
3308
4905
2916
6574
5266
1169
2962
1671
5606
9236
5615
5314
3739
5956
2543
8630
892
5727
6590
4630
2536
4726
6957
1526
3575
9929
7281
9178
5623
2470
9918
7536
4962
3267
9263
1840
6967
7099
1167
5141
8815
6733
3317
7921
6529
5322
9690
2109
6103
2674
9062
319
8405
2053
5936
3050
3093
2400
1535
8983
1359
8598
740
6979
1846
9530
8468
964
6832
9550
1499
8558
2408
5112
6072
6995
2217
1865
3471
7022
4222
9462
7785
7121
4393
4531
9739
8474
8108
431
5142
9821
7029
3713
2353
5288
4225
4802
4074
1478
1776
4011
5000
1917
163
3468
2912
6667
882
7025
4202
527
8781
5308
2509
3092
6776
7006
1764
449
5483
464
4930
1695
7271
4041
8113
2879
16
218
9661
6549
8909
7525
2801
5946
4517
9354
4881
4480
8808
7308
2989
5786
9336
5758
6305
7869
1878
7486
9238
7969
9996
2701
9537
1666
5068
2261
5030
3923
4865
2007
2437
3034
2420
6079
2018
3176
4412
4648
9799
7313
5304
8775
1721
3190
3261
7486
7053
4767
1298
5040
7912
8087
5929
3181
6998
6900
8440
9729
7799
2408
6264
2197
1690
558
1297
2695
3995
5715
759
3033
4674
474
6380
8077
6650
6931
6846
8715
243
4959
7056
3146
4209
4033
4867
663
8864
9784
2005
6318
3039
1040
2555
4917
865
9106
6052
7905
9603
5536
2600
4326
8925
8234
6482
4019
4225
2396
5856
7263
7224
6507
7589
8368
1919
2782
3591
8387
6100
3281
2766
9873
1466
1749
8129
2935
6149
5468
2757
8752
5012
9031
9799
2570
2785
3983
9237
1362
2377
2711
21
7736
6622
1450
3968
5852
8196
6560
2202
6827
6899
6971
5645
9733
7836
9527
7034
7351
8399
77
4217
3733
7759
9764
7810
986
5451
485
3811
4850
6805
1234
1589
9868
5827
8844
5595
9080
2246
8706
6150
8662
7646
6868
9430
6644
8804
612
1416
7525
2660
8386
3557
4879
8684
3614
4075
7449
568
9249
7046
7932
5649
8865
5350
6797
9170
9852
9343
3984
6560
6419
6057
9848
3355
4844
9250
3225
6408
9413
6507
4152
233
5064
7398
4694
3366
5869
22
2500
2534
5077
1495
632
2693
9755
3816
8023
1266
464
4166
4079
5137
3544
2520
7509
9096
6138
5122
5408
7314
548
5527
1801
4514
8158
7119
5929
230
6664
1756
9767
6121
7614
2180
5060
3279
3714
7393
3374
881
7065
6704
8897
1030
9162
4388
2850
1967
3243
9201
122
4145
8056
6054
9684
5354
4687
5125
7288
584
9751
7913
5667
8494
6965
4941
2796
5505
7293
5097
3813
5342
9608
9899
2335
6560
8375
6336
7371
1911
8953
2622
6913
7186
9141
7087
4347
5838
7851
9179
5206
8579
116
7587
9657
4826
4162
1339
9641
1978
191
7042
8936
7343
2254
5063
8641
4719
2429
6683
5454
1988
6865
8304
9601
3860
7537
5413
600
1096
9721
6063
8322
6326
3046
5714
4559
6614
4629
8401
1158
6568
8495
4219
7785
2884
5941
1561
1825
1379
6136
7735
2427
730
9967
9335
5913
5837
3859
4051
7594
4929
5529
6051
180
1389
9899
2540
2820
7613
6195
7351
4499
9836
4003
1920
7726
225
6246
8576
1352
1921
7356
982
5471
2884
3441
8981
3922
5571
3904
4005
6655
6316
1571
8268
4629
2672
704
3004
8832
1382
5007
9061
5334
5946
3633
1824
3111
5376
5341
5562
5861
4072
9194
3453
5676
4379
2027
323
5656
4793
9921
9483
1840
3730
8746
7173
5132
2990
250
4518
3643
3517
1096
4175
7044
7177
5500
1254
6319
7514
7090
5082
7755
5437
6117
8130
7557
8139
518
2116
3703
2137
8748
4256
9006
8260
1061
1280
9
4652
6376
9268
1139
587
2132
8072
3362
2065
5562
6202
1317
5839
5149
5118
8799
202
3358
5232
9428
1670
1275
9946
5284
9776
476
9037
6501
5618
1944
2434
5919
2792
5282
8147
4747
531
5745
1011
5721
5751
1235
730
7950
3619
8533
516
7928
7587
4273
4329
3682
4414
2413
3633
7159
7820
1820
7846
6559
191
6603
3295
779
2803
135
9216
6381
7885
8684
9094
810
6125
6653
4462
6588
2596
1259
5294
7913
2680
6671
7609
1163
5795
852
8552
6623
6649
8931
8913
2899
1503
1091
2132
6014
7679
993
8863
2694
4491
1287
395
9605
808
7055
5364
5155
1624
6511
4856
1793
1998
3855
6624
8689
1961
9290
8879
7960
535
601
9970
902
5959
8530
2029
2568
1886
4800
8579
331
729
1248
2708
1710
1578
2658
9550
262
8626
2144
6920
8168
925
1115
6471
2018
8898
9384
6133
6045
5670
3875
1318
9975
2076
8777
2280
6519
5958
4529
3641
1711
8996
1323
2441
388
7981
1663
9598
9931
9225
2080
2355
3299
5563
3691
3149
1700
7174
8582
3662
5418
9480
6006
7883
6024
2084
650
9591
3568
8978
3802
1436
7670
5243
7407
5899
5351
9761
2736
3426
5010
4095
3645
8248
5026
6197
5871
9148
4648
5530
6691
6721
1110
2191
9900
6887
8301
8368
3302
6870
8027
9617
7419
6302
3855
9832
8694
6331
7802
5225
945
316
4076
823
5903
7356
6730
4669
195
7387
6136
9612
5002
8490
7879
768
9941
3150
7707
2473
116
6726
393
9101
5201
5076
1835
470
2220
5526
1681
4914
3464
2082
5144
8015
985
9801
4761
617
4559
4977
9701
8167
9190
5707
1497
1850
8353
5685
2416
1692
5013
883
6182
3014
376
1625
1798
4749
5184
1170
7940
3362
2752
1408
4888
6862
7501
7900
6427
4078
9705
3169
3424
1170
1027
7593
6289
307
1944
7603
9868
4677
2357
6756
1186
7486
6176
2863
5355
9083
4093
4430
8250
5361
5478
6404
9575
5243
2330
9707
8485
6955
1879
2016
2465
2958
4379
568
3346
7879
4771
556
4691
4352
9554
1319
3394
8231
3157
1589
7778
1557
1397
3016
9891
8962
5393
2319
1044
1450
6652
4918
6198
5167
5097
3102
3951
2178
2452
1944
6366
6340
1201
4650
7330
3668
804
3995
2701
8581
7183
30
4951
8249
4638
2602
8690
4056
4106
3808
7665
3669
7424
5952
5848
1030
8555
2360
9192
7546
2854
9413
6800
6443
575
6119
6723
7282
1103
2518
3462
8222
2734
6391
4074
6384
3077
197
4217
6897
410
312
3838
471
7106
4626
2704
9262
5823
6953
5522
1494
3331
582
149
7860
3336
7537
5549
9323
4132
7828
3261
6303
1983
3462
7697
1269
9006
2350
8732
4230
6150
339
8803
8919
3452
9700
8920
9199
265
9783
9569
995
7258
2927
1573
2734
5246
6573
9829
7368
1179
5171
5306
3391
859
3779
5339
9763
2209
8036
9444
4736
6608
240
7519
6126
1067
7854
7963
345
2227
9139
6327
4910
1388
2404
8032
5933
1194
8359
5396
3293
6123
4515
7836
6138
3820
4098
3823
3205
3439
1487
2387
4399
1457
3231
557
1681
8139
929
3586
1980
8141
3831
1825
4193
3358
4934
3276
7526
8959
8862
3051
9552
2801
7971
8811
3525
3460
1302
7068
8272
8877
4314
4990
9471
1606
1269
2834
5965
8748
3372
5037
1771
6800
1288
4334
9705
6343
1951
5845
3335
7175
4012
1945
8792
6001
2202
1927
5539
3429
7650
8410
2365
5755
9719
1339
8466
924
2068
3792
115
1147
4845
8177
7084
5386
5463
742
2876
1015
4490
1276
960
4612
5237
5961
5378
9440
6772
8705
4501
2661
5778
2093
474
6829
611
4279
5288
4935
6511
3987
819
541
7374
2838
5590
8350
7710
687
749
3301
3507
8113
334
5244
6435
1567
840
600
1789
1110
6955
9678
8234
9737
7941
2753
5213
7746
589
4684
6894
5281
4875
7033
3344
4724
2885
7917
986
9378
1415
9717
897
569
6810
5212
4117
4355
1713
2563
698
2417
1160
8196
793
4599
9787
1951
6554
6737
1525
1598
9884
9876
9373
5352
2339
3835
2639
4489
5657
2197
7363
5259
2424
3920
6338
2041
859
3804
1599
3766
9640
3985
4065
9585
307
5433
6249
2993
1920
9169
3271
5653
9224
8358
1650
5711
2360
9599
520
847
1078
454
298
9688
3503
5178
5326
6838
3578
6442
1308
9365
6844
571
6327
7410
5249
1363
8110
2296
9133
9682
2457
3159
5602
4427
1624
3998
4207
7918
8498
8103
5255
5668
6033
8794
6911
5700
2588
5504
9143
9688
4000
2688
1833
8041
6818
8032
3238
3129
6070
9750
4136
445
8844
6783
9216
5394
661
944
5632
599
5068
2502
8114
1471
7612
7290
2249
5561
5194
1562
9127
4081
4105
4763
6525
2834
5969
3298
2070
1023
9925
4250
44
171
2148
3315
4105
1227
3615
5232
4627
5644
9109
2920
6383
2982
1734
5629
1665
4170
9348
3969
323
3756
6920
7454
6724
6287
1043
1162
5542
4308
1496
1484
433
1706
8486
8779
7625
4273
2295
7438
6511
3129
4251
1050
1797
1630
3433
8427
8694
7554
1929
564
4889
4503
1976
3597
6306
3945
8084
2203
2006
5461
7938
1626
3003
2725
6264
8050
1401
7233
5057
9293
2596
8728
116
7983
8749
6364
2950
3583
4129
5897
603
5729
1941
6550
8967
2918
7184
811
7959
7023
3909
2650
2820
3872
237
1474
2785
7496
4193
725
3499
4859
1583
8215
846
2688
2030
4639
6564
559
5338
9919
4288
9063
157
6016
3411
8165
2246
1581
1237
3071
8177
5686
3000
7379
8773
1025
8143
8902
7302
1566
966
3779
2239
8821
6953
909
781
3314
5007
3959
6889
8084
1403
432
2607
5689
272
2714
1938
1421
9317
1270
4068
9112
5997
7961
3596
1298
4131
6115
1904
1416
7881
9393
2619
6676
9085
8416
87
9028
7989
8422
31
4224
9280
9569
1804
944
9475
556
9988
1448
5749
1775
7559
6610
694
5782
2334
100
5065
819
1375
1829
6994
2740
7837
1383
1866
7896
932
9863
3081
3427
7313
4127
5939
5265
8858
1751
5052
6669
4427
6115
9214
3350
4268
2567
9359
3135
6522
74
9290
242
6313
7512
5194
1148
4665
230
441
1290
4861
5407
3143
5887
7603
5774
9807
2366
6368
5510
516
5452
5326
690
9934
5908
2154
9540
7868
3212
1593
4649
949
1256
4569
4906
7672
1619
2535
8929
7393
9293
7787
8891
2149
5877
1178
2863
420
1885
29
1365
2462
347
4283
7416
1253
4507
600
6908
9413
1114
6304
4224
4100
1306
3181
6538
7270
4487
6756
5815
6659
608
7421
1248
1993
3983
5193
6870
8450
4302
5845
752
6868
6122
5530
675
5743
5723
4942
2492
6125
1548
9792
2437
9236
3275
1786
2052
1891
7274
1360
3664
6768
534
5541
7546
8777
1204
1085
3976
1017
4910
9576
3228
3623
6933
4971
8387
4022
580
6027
745
7696
6599
1311
5103
5114
9351
1182
9330
9517
4497
3396
5751
9988
7143
6035
2598
4685
2911
7271
4354
7412
4800
8559
3640
810
312
1132
3784
549
1231
6581
3914
2538
971
6522
2483
7886
6947
9039
4452
3164
4146
4393
887
5095
4624
9942
4632
1208
6735
5625
1710
6874
3307
4402
3507
3407
2309
1885
4499
5665
9873
157
4366
7799
3291
1847
2853
6309
897
2925
4194
224
8250
7580
9475
9600
8554
3029
1955
402
4227
8954
5182
8922
197
9409
6475
7414
8556
4947
8504
6169
5444
2583
2851
4360
5665
3520
8605
5645
3675
6171
8157
7403
3055
5028
9323
3136
4000
3614
9253
9936
8600
87
2578
4673
8742
6036
1710
847
1398
1208
1955
8424
690
2740
2818
7466
8212
3330
4742
4106
6199
7513
3710
1137
4664
2117
2770
603
7715
8590
1496
7765
1923
5195
3816
1792
2059
880
591
9884
2357
8318
4989
6181
1322
7722
4973
2036
1072
137
5292
7983
3142
7106
581
1165
9677
7903
8973
6178
5321
9706
3447
89
1932
4413
5692
7190
9269
1187
2703
3227
9868
318
8331
3359
3386
1137
1927
8218
8650
4846
6717
9622
4797
2788
122
8776
6982
4961
9641
2756
8270
6685
2962
3250
9078
5327
9020
897
8133
3157
2387
259
3433
7838
6776
1571
2725
9817
9353
1617
5143
5755
4639
1337
7480
9479
1271
4687
6712
1612
8081
7968
6874
3038
5582
6466
1027
5128
3853
154
1056
6299
2730
3102
9529
9732
4278
9061
207
6114
3403
1618
4182
1396
7570
5992
5078
4513
7673
9456
2488
4994
4638
9630
7420
6563
9670
6345
9865
6709
4638
4659
7281
664
109
5984
969
2819
7567
3598
8260
9684
5724
5465
1124
796
9920
9989
1602
5817
8250
3507
3300
815
2202
8359
9973
6845
5006
5776
7520
8827
9422
9588
9788
6885
5889
4704
2056
5818
5395
6510
7475
5938
8549
9045
4845
5543
3585
7241
2136
5231
7855
2926
8370
3974
5955
3646
1331
7456
7613
4581
5271
5889
5165
64
2736
2327
7873
7220
9636
6474
4164
8492
9926
3984
8956
3735
2191
3596
8049
3689
8604
4392
2171
9490
5181
8011
9944
2782
9755
7306
7740
737
3636
1807
5261
9884
3597
4380
2
9726
8854
732
4858
2253
682
3390
9194
5646
6535
3034
9324
62
8260
1434
8655
766
3733
6786
2217
3235
9154
217
8697
9626
647
3473
5301
5985
3659
9051
4749
4639
223
4317
8512
1255
6827
3955
5081
3858
8700
4799
8997
5758
4542
5943
7128
2302
1798
5789
4337
38
3193
3661
3435
24
7284
3700
8601
1001
4326
3178
5407
1427
7069
8215
9757
2043
1432
9717
1264
5660
114
2438
8095
7154
2018
4437
732
9874
6405
4600
3268
167
9647
7569
9546
5987
8043
5148
1348
5595
2848
4117
1878
8760
3201
4411
9690
5911
2879
5953
5923
6479
3745
847
6732
567
6935
5467
5736
7057
6320
6018
5195
1625
8962
8294
1999
8973
5153
6959
8592
7774
2772
867
6354
5179
685
9065
4948
4157
2382
8262
2333
4356
4798
9552
2603
9933
6453
5244
7892
5327
4008
8223
8192
8730
445
1275
6746
3429
1448
8848
6311
7685
2756
7292
3858
7875
3813
3472
8260
8362
9295
2482
6345
482
8411
3918
5544
2861
7532
3682
4694
8092
9651
7921
7109
3985
7459
1297
695
2911
3351
7109
6788
474
4401
6485
1023
6728
9633
6010
1691
726
9726
5326
5329
754
6039
9037
4190
8770
1537
9093
2038
4018
9544
1404
2710
4280
1603
87
397
4751
9285
2397
4377
2458
904
756
7079
4009
1169
492
8117
8648
5676
6133
3043
4470
2861
7713
6528
4014
6346
8684
1879
1068
8145
644
9787
142
7288
8260
9549
1251
2805
8061
2404
3989
2286
2766
4941
7203
5331
6876
8916
5527
9360
3655
7030
4331
7688
4661
3630
1252
2514
4490
9187
5212
5850
6484
2749
4723
9312
9223
7064
4814
5181
5137
8324
4855
8198
7672
8817
4231
8892
8384
5291
3960
4801
7213
3028
9773
2521
8329
1599
4737
4283
7257
6371
4458
8560
4431
220
9645
1118
6050
8589
7438
6511
6534
1861
1761
4054
7787
3294
7214
4560
2835
4443
1922
9222
995
2990
4341
5707
7559
6988
4435
6529
2221
1327
2954
2400
7555
9533
8926
9299
2766
3174
1704
8157
8953
4150
8342
5559
5815
1100
1065
7580
5302
4262
5353
3573
2156
4715
7177
9325
5880
130
3637
3002
5597
4
6094
2673
2253
3175
5739
2012
7226
3108
9657
8323
8599
1737
7263
2517
8432
3417
9264
1329
1434
5030
4032
9919
3724
9413
5311
2347
5242
8719
2155
3268
2370
5526
6774
7176
7334
4367
3727
6090
8696
273
3459
8947
3278
6171
5928
7504
6283
3188
5824
2077
6433
5829
613
3345
8851
4103
1159
1265
7378
4975
9775
2795
4010
9696
4805
8853
8679
7812
4381
9147
2437
3214
9846
6818
7474
4937
5643
7077
6495
2349
915
3045
8221
8534
5906
6125
2029
96
818
3240
1083
7381
2835
1742
7496
251
7478
2819
183
4969
344
4395
7895
7497
4764
322
8136
9349
9495
5674
3749
4211
3766
7321
6251
9754
4356
9933
8423
328
0
3500
2814
8167
2452
2588
8563
5618
7899
7612
4888
3716
2342
3206
8211
2463
9657
9627
8847
5943
734
8823
4168
6234
578
1454
9920
6537
7937
9232
155
5216
8048
4958
2110
1035
4491
7533
882
7854
9864
2676
206
3332
5553
9299
2560
9907
9515
2197
9294
4537
6355
9033
1786
5796
7282
2219
8293
609
1034
3798
1795
6300
3396
2369
346
4648
1466
9052
8086
4457
9419
1163
922
5222
2841
3323
2745
9428
5301
678
2053
4682
7928
8550
280
6654
6220
1898
3755
2845
787
9964
3883
5958
2509
878
9707
7425
4834
517
936
1038
813
2489
8720
5443
4996
3187
1836
5430
7075
7482
5753
9583
881
5096
9738
1329
8755
9972
6189
2738
3817
2365
2404
1954
2424
5562
9001
3504
8121
9690
7050
3419
3453
5596
558
816
2715
6646
2460
4318
1196
7911
9861
4081
1032
3084
8092
5567
1010
4403
7248
8416
9498
5491
8478
2085
1367
8896
2947
8145
2904
1181
371
9521
8922
6584
8977
368
4227
3934
1445
3337
1749
1655
1535
113
923
274
8190
4111
3887
6398
3298
8107
7452
6818
2901
6113
544
8143
7230
2916
3175
2092
6736
9025
3324
9203
5855
7614
5746
9740
1179
6086
1441
2533
4108
547
6372
2072
1387
9630
3252
7395
5228
0
9429
1898
8468
6717
9676
4978
6999
5732
2549
1720
750
6637
1070
6182
9178
7670
7556
5989
9180
8882
261
9844
6547
1861
7422
9883
2459
2167
4416
7962
7408
2484
1888
1037
8801
4199
3705
6108
3320
3409
5554
1492
5024
4205
4761
4799
5411
3850
5376
3982
64
6749
4682
2563
2101
4912
6269
930
7809
2539
4328
8641
7627
6007
2960
1446
3292
1584
1107
7499
9832
929
1757
5449
443
7224
46
3281
1649
7715
7074
8709
6827
8394
3244
4083
7139
9149
677
2932
5765
3018
508
7006
3456
8846
7162
8546
3176
1024
6594
1474
8415
8631
9366
7710
3101
8327
9827
6835
7690
5657
2492
8979
1252
4029
8676
1942
5640
604
9756
4539
6174
5189
6333
9116
4184
5287
9604
1656
461
6279
7580
939
6165
2073
8435
5889
4715
8406
2337
4514
321
1100
7836
830
9049
2984
7176
260
7123
9514
7670
8767
3933
6476
2254
6103
4858
8006
1472
2371
8001
7579
7496
1082
9214
9539
1383
5013
5102
2271
2110
7090
9418
9707
1521
3496
7645
7980
9914
2853
6192
9054
6201
3282
5348
1387
9870
558
8854
1774
7164
4872
5661
5807
4730
8993
5401
6820
5284
1713
2744
4378
6687
9775
4363
8038
1631
7580
6246
6736
6012
2281
4946
970
4150
9846
8432
1430
9752
1280
5289
6480
8372
8911
7621
431
3316
7520
8697
2874
2528
5679
4967
4785
2962
5163
7690
915
6994
103
8853
246
9115
9584
2980
171
5882
128
9263
3268
9674
5954
8983
9889
3073
8284
3615
8614
8949
3811
5422
7078
3275
4617
8647
5969
7428
6718
1200
4388
3101
9606
1411
1626
1908
7786
2405
3258
3974
383
138
3104
2591
1906
7709
3743
2541
3035
9159
7295
1063
7777
2210
4413
9806
6478
3777
6632
1138
9719
3905
9552
4101
4879
3286
5151
6390
6093
6935
3289
9147
6812
7006
2837
6871
9398
5243
5007
1094
4710
8333
758
6234
1410
6069
3030
5591
6560
9720
9889
4262
3065
7847
9827
5813
1304
2861
6945
2379
8937
6279
926
8894
6835
69
9986
9804
9460
607
7784
8199
1020
5848
5497
7329
785
4805
1903
3333
1295
2152
8162
7812
8822
8176
9084
5397
2196
1793
2335
5798
8944
3241
6418
3895
2926
6619
3997
6607
1034
3120
1957
1430
7084
4906
1922
5060
7533
4160
9002
3111
3177
8395
3827
8976
8797
2992
9704
2833
7458
3386
6228
2250
9360
5034
6599
4794
204
3008
2012
3790
4030
2564
9272
5816
7957
9736
3081
3148
2989
1780
7094
1657
8553
9890
8715
8526
1326
8802
4218
135
6451
5295
5543
4686
403
8675
9489
8910
1172
9648
1797
455
5702
9468
3187
9727
5852
2055
9440
9400
6438
2506
6551
8500
4406
7394
6926
9386
7234
343
7385
2665
1416
8520
5743
9598
2624
3546
673
8107
8547
2980
8736
4742
8631
4039
8047
1746
1613
7316
8214
7949
7891
9410
7441
6474
447
6056
8941
1583
1682
1137
1057
5439
4825
2881
2957
7308
1237
5085
6991
4723
5230
6165
6758
9589
3404
605
2008
8411
6844
5158
8772
2811
6619
473
8033
9392
7747
9380
5814
1890
6295
855
8412
9963
7559
3392
2354
2153
2572
5348
5816
5139
9133
9976
882
107
3680
7468
3902
7243
9997
5334
428
4261
7162
2100
3971
1336
8358
930
2212
6617
7938
5849
7437
2242
6713
2825
1817
6468
1794
3631
8917
8169
9461
9175
3975
1642
4869
2258
3854
9862
5287
8645
3070
4855
7576
1775
7385
6938
6882
3047
7379
9875
9439
9459
5145
7003
7175
1140
1078
4470
9493
5332
2196
3238
6771
8805
528
230
7650
9196
3223
9025
8297
4399
5571
733
3574
8656
687
825
7628
1642
7096
9601
999
9001
2934
8770
4187
6225
1845
232
3571
4889
7852
8790
167
1937
4355
9428
6189
1040
2911
4658
7058
6723
8113
7179
2160
4094
603
9135
3710
753
7107
1505
9218
1457
9703
7790
1859
9619
9566
4187
3828
2939
5360
2130
3677
7046
1733
9838
5215
1591
5306
9517
9046
2486
3667
2384
2250
4980
1204
5881
6061
3960
7537
2641
3575
5849
2595
2023
2645
6789
4320
2636
3692
5104
5465
1086
9757
5756
4649
2257
5603
4245
3519
2446
400
3766
4173
6853
7511
3496
698
3544
7902
1236
629
2894
4842
2930
9823
1535
9542
9949
3349
2568
2502
6083
250
6309
7655
5911
6249
4896
9912
5123
7775
5110
3234
3011
6167
5625
5613
8324
3694
7437
7769
5918
8710
1001
3110
8633
2478
8950
7892
4624
2418
4859
7394
2120
824
5383
7848
7158
4232
5587
441
393
8812
5725
551
9495
9731
149
8913
3914
8310
9687
1520
2780
5447
3586
8037
9142
9506
7987
1262
3092
3715
5235
8950
951
3533
1914
9944
6182
8616
5327
8912
6008
6278
8710
4932
637
428
6506
5856
5239
5511
6206
3972
7307
591
8725
576
9429
2446
9153
171
2641
6613
6864
8340
3648
4576
5621
3429
9059
4202
7099
4838
6727
6583
8412
3762
3535
6719
3572
2747
9537
53
5144
1676
1471
167
9578
9377
8320
409
8897
4893
1779
7408
8245
4195
2561
9918
5743
3257
8933
2806
3872
3663
9228
3293
298
1463
2439
3586
8039
7593
7050
9067
9699
8861
995
3662
5510
5423
7799
5884
1604
25
5878
4081
8716
9887
3339
7120
362
5820
7012
9405
7273
6825
7450
5912
6538
1784
8591
1938
1022
4814
3077
1144
7804
8528
8830
4224
6794
5375
4535
3722
9675
7457
7226
8962
39
2420
7928
1109
4426
4094
2691
4226
1115
2364
8772
2281
3647
8966
9540
9334
4768
2626
9028
921
1863
1613
3642
466
7878
200
1339
4788
5053
3545
1291
7486
3449
5246
5673
9702
445
3444
2391
9052
2086
4818
1364
2886
8830
9267
9457
2447
6049
7742
3700
9568
5350
4548
6679
202
721
3587
5936
1407
9930
1155
4154
7022
9544
7298
2168
7670
3295
1999
772
5139
6649
8300
8052
4185
3792
7032
8129
6253
7008
7064
4643
9960
9173
4571
3640
2249
1584
2122
1321
7478
9191
3773
4776
4234
4712
4582
810
9200
6606
1698
5251
3992
2657
7013
8896
4919
2933
9471
3893
1430
7793
8079
8668
9645
885
3758
6004
4779
9747
3086
3163
9303
8500
4459
9811
2221
415
9069
2893
1340
6786
1732
6142
5441
713
7856
9217
8208
1447
7638
4480
4454
7712
5939
9200
3095
120
5104
6286
3895
4008
7551
9855
7853
6291
3651
5414
6490
5463
9345
7460
9074
5112
5902
3338
1793
7795
177
2024
6624
2914
1518
6100
6692
3087
618
4653
1742
7959
8687
593
5515
6008
1870
5289
4984
4926
9358
8058
3643
366
5043
7240
3531
9602
5903
9978
4990
4142
6840
9111
6295
6014
9941
2593
5124
9803
7232
9622
72
4681
7163
8344
3951
3188
3699
6458
4324
1149
803
4800
5964
1155
8434
6511
5376
6326
9307
8050
1994
9183
9979
9011
746
1807
570
5282
6661
7160
4267
318
7055
2814
7300
9285
7330
3193
6107
9452
7479
4633
153
1480
8708
4190
69
9651
1023
6979
1604
3144
4245
7985
514
4120
4848
3375
4451
2587
9475
3188
9589
396
1470
6119
7617
6597
5103
61
9738
2143
2460
9342
1708
7912
9472
444
6996
525
3241
4803
9426
5745
4285
6234
3157
7710
9580
4942
7377
6039
7948
4504
5142
6696
5019
2792
3635
4063
4837
2937
2006
3413
5281
4859
4087
7778
3022
8621
6094
127
2151
3544
4278
7059
4285
4386
5453
9516
2589
5526
6896
3884
9223
6548
798
1056
9043
1377
4420
5790
813
3332
2956
6906
2690
5146
7417
9045
342
3127
3514
740
7360
148
8062
7081
3901
4652
2316
3673
356
2353
5069
18
6609
9439
5822
4221
3632
4120
5371
6766
5432
7075
8449
7499
5915
9693
4597
2020
6094
6583
5717
2946
3735
8332
7431
7183
4353
9599
6479
4154
8889
1750
6856
8064
7837
3130
2422
5503
1421
873
2008
5962
1343
4801
5407
8279
3095
1821
3259
6070
7352
3938
6597
8872
5078
2658
5620
7107
4264
67
395
88
2201
5485
5336
7531
4766
6041
9670
7292
5931
3695
295
5962
2857
3895
3315
8084
7335
7228
717
6130
9667
832
2987
2893
6036
6728
7725
9714
2819
8234
540
8889
1780
7029
9322
8663
3330
2681
8125
7187
3519
8747
3645
4846
1610
5456
6691
5728
8047
750
1478
9753
8438
3868
3006
2889
9181
1873
7755
4741
74
3214
3161
3574
5989
2984
5357
5821
8482
8568
3464
3890
4485
6733
7255
7038
5827
8383
4892
9684
865
7979
1563
3440
2499
1584
1416
5999
1988
9956
6999
7087
2419
3973
9187
48
6141
2274
3478
8492
1512
6016
316
9653
4251
7111
5881
6424
2750
5264
3978
7691
1139
8332
1867
5703
571
5190
6742
3279
8689
5604
7380
2721
8725
1550
8140
6424
5753
6177
2755
5140
8849
9373
8049
3233
6939
9771
4631
7058
364
6165
504
5057
9227
4053
9111
8323
9929
5690
2461
9153
8779
397
3978
9135
9197
1813
3662
143
5088
1520
6274
2817
5687
333
1076
9422
7158
765
5357
2107
9832
8039
7096
1805
453
673
3175
314
4691
471
8296
3285
8258
2946
2540
1542
7069
3217
3722
3621
8398
8250
224
9327
4322
1335
4640
7700
4967
9541
366
2261
1818
377
224
674
7167
3393
3611
9520
656
8732
4773
6667
460
4458
2915
5493
4369
6176
1849
9047
2620
7703
2425
3298
847
1482
807
993
3664
2667
3125
4828
4637
2458
6251
6406
7024
1695
659
2860
1112
4216
7907
9627
9122
5601
7196
7392
5925
8511
2564
8182
9863
3104
9555
3887
8425
251
4249
7095
746
9066
7052
8759
9495
8991
6435
3445
9634
959
7603
7473
5380
7578
9294
532
3985
3437
1910
4164
3122
7910
3219
9165
552
3216
294
3466
5675
8343
4704
2033
7090
9582
1593
9287
8924
305
6969
2767
2402
7689
4106
6971
8925
5263
646
6123
4030
2908
1396
9181
3460
749
9754
8310
7923
8997
2873
2404
7624
5234
1685
3964
2826
7757
8566
7714
5288
8290
9846
4958
6869
7438
6861
7799
203
2333
6199
1739
3836
7312
9545
838
6618
9016
8068
9990
6697
1246
667
2518
108
3868
2624
9304
3601
3090
5464
6977
582
8430
4726
4583
9146
8796
5239
1504
6942
2889
9531
3189
5891
3316
9769
2019
8765
5445
380
7197
4968
9411
3287
5557
1335
4206
2970
1237
4608
887
712
2664
3864
3589
278
2960
2430
8407
8866
7391
7273
119
146
4989
2811
1450
5218
1913
5254
583
3697
7741
7339
8626
325
5259
9361
7162
5414
4002
2841
2148
3141
1970
4593
9286
4350
7914
5282
6948
6960
7566
8640
2583
6136
5917
1479
4947
2907
1158
5089
7784
8931
6808
7722
1443
3827
3064
3184
7681
4587
8474
362
9548
8004
7012
7906
5012
3615
9770
1675
7216
8221
1281
1860
402
4912
945
5430
1324
8078
3671
3762
3346
6745
8689
5565
9175
8817
3882
5164
4669
2767
1072
5791
5032
7521
6092
4729
6274
9898
6200
3576
1812
8461
8444
8639
2007
4941
3720
3758
3686
2481
7473
5717
9501
8076
1048
2024
7614
4993
6088
4100
3316
5646
7498
9250
5953
3065
6874
1668
217
8127
8210
3156
5378
3892
8886
702
9713
5257
2182
8572
2601
1818
7602
5978
8710
7349
2175
3585
4551
8642
8844
6108
8869
2643
6551
7408
8510
4311
3477
5732
904
968
4672
9379
8582
5684
4329
8870
8001
2724
1505
9755
2815
9250
4785
1673
5424
7927
7254
3773
1946
4634
401
1561
635
8069
8497
3344
8641
8963
4114
6382
326
8326
8016
3729
6668
4773
6115
4326
4956
4943
9881
5029
2480
9151
4037
6272
1606
9175
4089
7689
5285
2960
7263
9031
5002
9274
7033
3269
1014
2675
8048
2715
1514
5962
904
6505
2987
896
2098
4917
8069
5199
6223
7338
5273
1540
7654
3127
2649
1440
4901
2492
8684
2112
8644
7158
2196
2132
7960
4256
9004
3074
9055
6894
6027
1153
3779
2248
9533
5700
1761
6907
6913
9830
5326
7524
2084
9985
5177
7703
1671
9122
4052
1786
7169
4844
3941
585
6389
8110
388
5880
8435
8010
5772
7800
8131
8248
4760
3867
8941
5163
5871
7716
6173
1953
5740
2168
3435
7734
7475
8036
5576
577
7235
1335
389
7250
111
4607
7379
3273
1394
6397
7715
2790
6096
1528
4439
761
4732
3452
2411
6395
7605
604
2320
7898
6458
2121
1179
7913
9945
1427
9194
1806
7962
6824
4591
1597
7457
638
2376
8301
4011
2246
664
7053
6597
5053
3487
2799
9096
6101
5856
6983
959
6805
8967
782
7401
7563
6907
1360
5806
8299
7670
4807
7678
502
7881
2186
2077
3933
169
9940
5724
8067
1113
3847
3833
3486
6442
534
5001
5040
8446
9791
43
961
4285
3568
6272
3466
3654
4215
2548
6873
8587
2656
6403
2027
8946
8477
6729
3986
1352
4255
8920
8966
6176
7278
7934
512
6669
1147
637
3285
747
8152
3490
5117
8990
4937
9494
9432
5689
194
7378
8259
3119
8486
7001
1713
3871
9104
9434
8555
9574
5927
6465
8394
1008
5888
2985
9186
6917
3407
1084
2778
1739
824
4658
1384
4219
1116
5993
6974
6996
966
6120
3450
3407
9008
2435
5538
7791
705
9411
1446
999
3655
4617
8863
8712
3227
8604
5898
3192
3840
5144
7115
4329
5482
977
6694
9976
2987
2903
2763
2436
424
8668
9634
2769
2739
5270
3923
2759
2234
6161
7157
5092
5929
6749
7978
6610
933
3416
6573
9778
6980
7647
1753
4367
8143
5839
9473
6708
6680
7645
6370
857
7054
4654
8421
2922
1976
7999
7667
956
8415
6152
4959
1158
3485
5497
1619
8473
4678
1385
9855
7423
5248
9512
8604
1100
3580
8559
543
4503
8376
7035
7492
8708
4523
1056
9075
7288
4865
2395
7648
98
38
5903
5242
6202
8023
6795
4902
8789
3410
6232
8999
3749
1823
5142
7304
4938
6282
7960
1650
3760
6131
896
7103
7760
9274
7871
7677
506
3386
6158
1680
9560
4203
2375
3138
6391
1424
1247
266
9751
7443
3585
5058
357
8043
5710
6271
6377
2102
9716
360
5924
1295
3775
1895
9819
3112
4939
1881
8355
6034
6702
9752
4400
7069
6817
6853
5527
150
629
7681
5391
9552
3110
2310
9703
2130
7617
6130
4382
3987
4862
8268
2755
4791
4404
6977
7194
4959
1932
2385
351
9649
6281
7197
4410
9008
9153
4066
64
4175
946
3038
6862
3833
6200
8221
2188
1670
3030
6148
4075
545
5597
8534
7234
7310
1110
6158
5263
1900
7343
9706
4127
3786
8858
6545
2143
6298
1214
4116
4942
3826
7868
1122
1038
6493
3933
7791
4127
1724
1563
9525
7891
855
4411
537
5449
1130
360
1868
1868
1858
920
698
4645
4237
750
7301
8414
6574
7290
4233
7846
1952
5775
2163
2715
1159
5708
4900
4537
5607
4039
5500
9574
4570
3733
1410
7177
3693
466
3462
8028
4481
504
5197
9497
7722
3823
3033
6489
9752
2426
4502
1043
4004
9202
7266
3373
8292
7342
3422
8774
8085
6023
1107
7328
115
284
92
3623
2802
7058
7585
4112
7676
6625
5917
4737
1704
1362
8849
8357
7020
5898
4710
5173
8037
6495
7734
1365
5577
4172
7497
1800
7688
8047
5142
8433
7406
2895
4231
2784
8977
3714
6939
3003
9417
8257
3090
6800
1852
6798
9398
6452
3146
7822
3456
5710
3716
489
5414
8689
2716
8225
497
2900
4980
2369
7749
6549
1885
3148
4705
96
9419
1131
3269
893
3033
951
3447
6018
7861
4815
4040
6082
9010
935
7783
4127
5559
8167
6647
5642
8279
1171
7753
8
6425
8286
1933
3712
8483
1661
3299
7493
9439
360
3058
7224
9652
2593
8232
6227
3675
2074
7937
7923
2057
9057
7498
1439
3007
1627
3216
9115
7417
1650
9051
4135
6639
6720
6371
6112
9340
5819
9064
2362
1962
4588
8809
4694
4395
6932
4500
8147
8248
2485
4900
7977
4537
7167
7591
6445
3677
3463
9848
643
1651
9445
2448
7225
4882
6313
4472
9153
4688
4506
6465
9224
2037
5779
6278
4902
6216
5310
2207
6674
2056
7762
5093
5148
3176
2791
5619
3119
191
1564
9001
1621
6566
1585
4620
5193
1309
2023
3649
9536
6425
3221
8191
9144
6494
1511
2695
2976
6097
7756
8889
8712
6015
2542
6360
3053
8798
3320
7982
5930
9902
9401
3285
3665
7763
4520
7124
7950
2844
4729
1135
954
222
3744
8383
7563
748
1783
132
7819
9948
396
4747
318
1849
1259
6379
8362
2782
6
6846
7835
639
4087
2717
8588
8251
5757
9211
4584
8818
7081
5112
1392
2800
9859
1602
9568
1556
8464
2813
286
5284
3316
1805
1152
1618
3101
3833
2292
1591
9583
6243
4844
3966
5110
4223
1076
8695
1579
9481
5538
1913
643
9152
8659
5555
5476
8980
3859
6118
5788
9865
5889
3963
1213
9135
1466
1928
4121
2570
806
5693
7648
6099
2175
3870
2696
1649
5587
7737
7754
8998
6714
6431
9574
6862
2625
9545
4218
103
7415
4970
9973
3082
8662
6245
1545
1086
4246
7312
7720
6148
1185
5178
5066
7865
6179
299
5478
6657
7021
860
3869
6476
3503
2144
5013
8181
7068
1736
3835
3174
6389
5272
2611
3375
6330
6606
3824
6991
7741
3969
5232
3705
830
8203
5643
532
9737
3264
5154
5814
3171
1479
5271
6799
2738
4110
1993
1575
1738
8269
2871
9810
3681
7069
9084
5464
948
881
5895
7376
5289
232
8408
6800
4614
5541
838
9045
189
7437
4168
7481
4760
5185
1864
4344
7791
2676
8126
9243
4825
9501
2469
9201
2463
7800
8094
470
6531
9462
6471
5983
6627
6314
5524
1891
5524
9332
2223
6616
9657
1938
6359
8140
2360
1603
5590
8266
1598
3756
1285
6850
1338
4802
413
157
5285
7346
3769
3226
8908
7508
2497
2605
9719
5665
1264
5658
6016
9016
8325
6996
44
9263
9561
4201
5516
3731
7217
6917
1469
4988
3682
4123
4033
5597
2175
632
4823
9147
4280
2875
6604
7996
5210
5548
1122
450
6983
1925
6195
2542
4025
9856
1811
7210
7350
7561
8730
9776
2601
5580
3180
1080
1398
9976
3783
4929
6944
2395
9929
8630
8711
8485
9921
3628
8586
2172
8758
3510
8271
69
9170
458
9247
2592
9300
6732
82
3410
9666
5420
8543
6579
1461
6912
6293
5242
8975
5265
6837
9165
8203
7713
5056
3340
1031
2958
2165
3664
6428
7970
6141
7478
2156
8209
9110
9575
8735
9555
190
8263
6668
751
6746
4865
2723
1470
9547
6428
4342
3616
313
5286
4666
6320
5094
9934
7393
6741
8428
4649
6735
1690
4147
9954
1528
1894
638
4850
925
4649
4605
8360
8976
1430
8749
3814
928
1424
25
595
3434
870
916
19
1265
4870
9314
112
6749
2240
4542
8115
4370
8561
4015
7258
3606
4115
6132
5249
6349
1538
7125
6943
5772
3942
5421
7586
4919
8765
2137
4496
9149
7364
5614
8059
6301
3493
2239
3766
7313
6184
7577
8418
9955
4637
5840
7968
471
8669
2490
476
6006
6767
4389
1887
3324
2144
6360
1535
3995
6206
4965
7003
4954
7767
8771
5663
8708
4368
4286
8348
626
3214
5185
4194
8871
8973
3273
1339
9084
2382
1822
4675
1430
3683
2075
49
8493
7896
8457
2416
6312
4216
4421
7153
7133
5737
6494
9496
99
3
8621
8021
2043
8401
8657
6916
2790
8996
7083
5537
4621
108
456
6055
464
1352
2264
3058
9560
5928
5150
3411
4460
5810
8850
8437
4460
6020
1214
2435
1966
4356
3175
2273
6044
130
1448
3955
7279
871
3422
2576
6052
1187
12
3683
6797
9729
4261
6579
4214
7695
2983
2181
9245
803
1955
70
1361
8179
2340
6418
5729
5567
119
2283
1337
8643
2237
2975
8859
7650
4787
8561
8871
6900
1487
972
9298
8576
4716
2105
7293
4854
6399
2661
6346
8917
2703
8042
8216
3175
5767
5487
7159
5857
6179
9989
6189
6599
215
2697
5697
4553
7043
1995
363
9394
2490
9846
4314
2635
1995
1928
3528
7131
5527
3417
5485
1257
5791
5790
5428
7550
5141
8319
4743
6561
3344
6780
587
8535
5998
5288
4811
7735
3459
1424
5558
6205
4236
8378
6689
542
5526
453
9762
9019
8674
2678
8156
2811
1243
8769
9747
4764
8752
7429
6721
1408
8270
3321
7261
5294
7989
1592
4766
6652
508
352
8358
4884
9255
7731
1303
1075
7243
6243
5692
1647
1340
1306
7870
1154
3797
2672
9251
9541
7886
1384
9908
2491
4814
6251
8465
2239
7902
8282
2727
2355
9290
5805
7478
7823
1304
417
7937
5306
4478
6886
848
1335
7781
1364
3274
6173
818
8776
576
449
8935
5567
6120
7999
5759
3852
9463
5682
370
788
535
1552
1163
8782
2655
1495
9231
1383
6646
6376
8480
3799
1965
366
8798
8011
1630
9242
2752
6761
1007
3615
2363
8669
8223
1570
4430
4583
6393
9562
4146
7368
2689
3060
7948
6982
4595
9444
4116
5809
789
273
8693
6335
1485
2783
7768
1609
8686
172
5351
1913
6610
69
9757
2853
2407
2328
8243
8313
2504
3873
6325
5423
4714
1400
3867
8335
8713
3970
4977
9730
6253
1298
6186
1498
7245
7016
7502
7462
2942
387
5209
4411
8470
8250
5551
4255
2548
8405
6959
6672
6035
7654
6785
8958
7474
6021
7743
4941
7998
1591
8542
7380
6155
3917
2562
519
2212
2737
9658
4694
4442
4643
3057
5435
5773
8565
6069
3902
9705
8198
6686
2302
3219
489
1332
6420
8914
897
6946
4009
7531
8273
5706
1356
1469
9297
4772
264
6779
7501
7142
603
1185
8206
5756
4003
8636
2816
8342
3292
171
6192
9671
1826
3232
7498
2908
1251
1745
2204
8350
9473
4589
5182
6387
4102
655
404
6779
113
4044
3288
7986
6310
1153
4718
374
2781
730
4
9753
9319
4371
4077
7377
152
2287
378
1503
6650
9363
3926
8598
622
5297
2078
7531
1927
7646
5305
5765
2605
6870
1761
8978
8955
3033
7078
2634
1664
5973
8357
5321
2771
4283
9950
1815
9015
6721
3313
4283
4110
2289
1534
2743
4648
896
1997
7642
1720
3957
1170
9496
4156
5481
9425
9682
9810
8238
1459
7453
2221
8827
1292
2275
6177
2798
9276
6631
3102
3865
7095
5510
499
3163
6048
827
7272
7320
2787
3105
3428
3756
5138
6359
2783
361
1490
9164
4319
5938
2181
3851
8813
6219
5297
4715
623
2691
1010
7802
129
9757
1339
5591
1064
8425
7242
9602
5139
1151
1024
9954
8463
1180
1842
1968
1292
3
6736
2614
1297
473
5115
869
1946
2786
652
9877
8968
3196
3805
4891
382
2455
4918
4529
5577
9915
1270
3551
5217
1048
8165
6334
644
38
7509
2743
8839
5044
5372
5769
1116
2070
6259
4338
1256
5853
9472
1256
4205
2680
1191
3283
8608
3297
6938
7452
1495
2098
167
8328
3796
3393
9080
5043
8758
4976
2879
9579
7957
8619
7130
309
2740
2870
213
8173
9931
1594
111
880
3454
5683
2249
1282
7253
6993
5638
9425
3501
3511
1160
7303
1126
947
4202
6464
9186
2863
8674
663
2906
8204
7735
1958
3006
877
9512
4368
915
6039
2136
888
8163
654
3114
3881
8526
4251
4604
9913
5731
597
4333
6994
9189
646
1601
9407
9088
1033
2831
5459
6229
9655
1002
3583
9353
3835
37
5068
8881
8896
1969
7496
3165
2852
8089
7864
1621
5418
2581
8675
1463
6849
1472
3174
2939
579
5903
9419
7498
2520
1360
8900
6326
5963
3932
9917
7233
716
9741
2255
1821
6265
8302
7798
1981
384
6389
3580
632
9876
3842
9144
1979
3259
5421
8588
2241
697
5284
9800
1566
3535
194
288
3247
5773
7412
9720
7170
5589
2654
1970
9480
9696
62
823
7709
4328
8795
4034
3306
2141
6470
2173
3162
8384
7087
8611
805
6252
5005
5276
9355
1466
6032
3205
1189
9055
5615
3890
5702
185
3466
461
2779
6279
4440
9265
3399
1713
3470
1136
2661
4802
3638
1863
4513
5413
4329
5572
7955
355
6868
9180
1012
4044
3586
389
4600
3615
2867
4251
7053
7475
8772
1332
871
2935
1771
7123
6959
706
6775
4163
8354
7074
4979
4703
9138
7768
9574
729
8498
2492
4140
818
1405
8732
6429
721
6671
7698
1657
9649
6240
9909
3478
2761
2430
9580
8040
4999
9045
1895
8150
2939
7672
6664
8481
5408
3990
4941
1187
592
3262
9695
1309
2340
1909
3582
9924
9813
2516
961
5965
5672
7802
7304
8994
5427
9451
9423
4820
6198
599
414
5393
1069
598
795
8458
6347
1093
6866
907
6582
966
7985
4708
1183
6891
2628
4221
4057
2587
2917
6803
7667
1078
9402
1470
8341
690
7656
5173
7237
1514
4448
2632
2806
7740
4052
5922
5543
6859
7447
6615
7662
4286
6465
9340
5242
7492
3816
3666
8295
9403
1912
9555
7080
4623
6978
9376
8921
567
5619
2671
1042
8926
5666
6828
9976
3685
4805
9628
7186
6689
7700
5778
8771
5889
3064
4124
2559
1968
5008
2244
2327
4796
5877
289
4610
6098
5477
3285
5283
1511
4701
5586
4832
954
7107
6963
2534
4313
2285
1670
7472
4452
1587
1276
3004
6504
181
9026
7252
4694
8993
8378
6731
2648
6067
4157
3184
3459
7203
6368
2487
7170
4668
1467
6087
85
8389
5795
6738
7086
4387
2686
6492
9398
3316
5166
4489
1089
5803
3839
2903
6042
9807
372
769
6450
7973
5721
5569
1616
3571
2483
2656
144
4946
7176
1047
8753
5139
4880
3998
2047
3674
2688
547
5780
6551
8356
9333
7541
9920
7786
6020
2009
7270
7977
6348
6945
8452
273
5336
394
2977
1447
917
3817
9254
1755
221
7791
3874
5095
2736
2579
5481
6099
1883
1002
3720
663
3442
9466
1799
2127
9889
9319
8231
4300
4081
1092
9238
8469
3252
3645
9527
8971
8461
78
7515
3094
6420
8183
2681
3674
6325
4697
8538
9979
2374
4317
767
8658
7923
8267
3943
6251
5264
6742
9267
5213
2954
9233
6393
8418
7313
7214
5210
5912
1987
9779
9239
4490
7347
5962
2245
1640
7561
5814
7689
9685
8660
516
9831
1718
4579
6551
1199
8721
3917
7591
3922
1265
6980
827
3971
8927
6836
4824
8623
9473
9415
2602
8220
2839
7781
115
5911
8534
1371
6655
9137
7228
1511
9863
9238
4016
1948
5740
8727
140
861
569
6019
3848
575
6557
385
1286
485
8498
376
1048
7157
745
1142
1831
3858
116
3330
7544
4052
6166
6690
795
9897
7613
9565
9816
8481
1775
793
9906
4059
8575
7212
7901
6598
4656
75
3286
9141
1213
3973
2495
3364
4968
4274
9510
3420
4883
5599
4698
7514
4668
1629
1576
8190
6261
1320
380
1653
5524
9515
738
9569
2327
1986
9437
2323
7639
1106
9619
6227
8406
4445
920
8137
7470
4851
8394
2284
9709
7986
9528
840
5995
9259
6649
9159
2770
3014
4494
3154
1853
5495
8693
4162
1154
135
1491
7505
4634
4835
4498
9658
2006
3541
8941
5680
9806
2997
4275
7359
2452
5826
877
2828
8945
6620
4275
6868
5566
60
5685
1069
7724
1646
3678
5263
3717
4229
4884
5257
5188
3666
8532
9860
6554
9438
5625
7443
5460
6183
1105
4607
3684
3113
9870
4001
1736
3663
5259
3977
5160
3777
4437
2750
5427
9211
8692
2164
1857
5151
9845
6116
7596
8714
7504
2945
4314
6240
7214
1816
7752
9611
5641
8180
7667
9922
4493
5786
695
180
6996
7100
1298
132
6028
5483
8370
5577
7117
3199
868
4197
2168
6783
1935
4478
3536
5359
8172
4765
5301
498
5638
5899
7087
3593
3262
6075
5949
823
3003
8071
4383
4103
3732
3205
5503
9188
8468
4312
5501
6351
5038
2457
9453
5862
4400
9903
2497
3960
5962
2035
6931
3568
8085
6093
4069
4240
2439
9028
2006
443
5549
5335
1550
1627
7071
1624
1524
4776
5305
2663
3608
5024
7746
4600
4803
7223
643
7809
9167
1606
3368
1771
8932
3103
9572
3498
9040
3813
577
3387
5658
1607
5983
4034
1235
3758
4160
1876
5193
7486
3376
2358
5049
4523
9500
6410
902
3897
2875
9347
8939
5226
8263
1720
5246
5004
1209
4521
6778
9119
56
7105
5094
2682
4182
3222
4983
3863
5391
4597
188
8596
9721
6799
1954
4262
7857
263
1568
9592
1359
7114
7006
5869
6061
8457
2809
2308
7037
2842
4351
4193
8081
7142
7887
840
4843
5043
8049
8956
6552
9094
833
5089
4535
8025
3757
4716
9609
5139
6895
6125
6137
1916
3273
3394
8673
6869
5026
9948
9438
4693
1140
3731
750
8277
6513
2308
4797
2282
5905
9371
2897
571
7164
6595
7578
4667
9
6868
9954
539
1283
7702
9129
7125
5550
4514
5546
6031
4878
5895
7585
3650
2497
6737
9486
1397
8072
6983
6063
2314
8693
5292
5777
3424
7132
581
1866
4292
7023
9910
2062
4663
2110
7288
9701
8040
5245
6265
5865
6234
6714
9930
9325
6537
5315
4880
179
8452
4268
3454
2539
7114
807
9962
386
6150
1988
5617
1000
754
4226
1168
5000
1092
8836
2565
2467
9643
2690
952
967
2700
8740
9086
3929
3737
3215
4614
3625
4435
2064
4864
9987
5352
3021
6203
6867
3418
3422
7474
8394
4069
322
8883
9307
4047
300
2612
9942
7188
82
568
7922
6922
3118
3964
2601
5432
5810
1821
8668
1730
1644
8987
4264
5648
4863
9638
4674
4360
1996
6556
8760
7456
7215
8276
8778
4303
1967
9561
933
5485
1109
9726
5186
5766
3531
1716
2290
9582
8364
1023
7708
9318
3693
6408
2843
6810
6575
1974
3044
3403
5688
606
5030
4448
7836
2942
2632
742
4006
9120
3515
2884
5742
4531
4032
9568
4665
8811
8358
2316
3659
3882
620
1888
9364
3217
3500
6783
2405
2070
5232
2733
3251
9529
8606
238
3615
17
3310
9828
5293
3612
6977
6106
6313
9994
1267
946
9161
484
244
3021
3188
8226
4262
6287
8779
8566
2766
7509
5360
302
9116
3266
6895
1170
438
7105
6931
8007
8182
5597
8264
3890
2146
9280
4160
2275
2826
1812
6486
4285
6285
2391
5656
5805
382
3241
