155
73
60
22
947
925
406
740
59
991
767
431
924
55
710
476
252
746
43
479
475
827
320
819
661
542
893
129
914
846
581
546
146
979
760
845
481
433
328
489
730
450
730
943
873
670
924
448
578
46
504
246
300
16
98
909
536
224
1000
956
365
726
845
256
364
495
857
717
545
759
352
327
746
551
465
809
592
68
522
332
369
552
685
745
272
940
622
637
488
52
146
544
324
224
146
32
907
706
907
390
734
349
680
569
965
877
727
354
807
794
771
213
762
719
93
732
788
558
289
523
402
953
177
381
582
400
605
367
439
63
94
844
582
703
635
23
603
11
915
231
683
662
189
27
808
213
449
539
845
20
443
982
270
539
477
979
33
390
635
263
172
681
816
172
809
40
860
477
166
82
245
704
324
961
169
887
507
169
435
495
162
762
324
4
874
931
478
765
456
394
104
991
231
57
781
165
917
742
329
257
357
536
91
684
118
905
967
369
488
847
403
123
161
786
734
280
667
668
871
873
739
892
861
695
118
128
384
151
140
935
173
263
203
635
378
763
448
679
415
903
161
102
662
132
28
457
701
583
770
496
387
172
405
272
453
31
492
765
902
680
221
987
772
692
125
354
805
787
932
619
202
484
588
612
748
317
86
446
518
970
378
241
14
970
892
460
712
598
836
820
210
611
63
672
968
924
609
992
550
949
867
271
551
253
959
797
67
291
950
39
641
867
286
8
685
799
510
164
666
390
721
479
601
230
281
200
235
415
786
779
22
278
228
281
383
271
584
950
15
17
610
300
818
903
612
30
455
262
536
841
545
423
576
680
145
280
722
363
977
889
876
91
73
35
82
701
733
142
491
411
865
494
211
964
677
452
456
510
275
664
779
180
898
625
841
316
541
168
405
525
698
10
388
696
431
714
413
199
950
54
810
222
79
468
302
360
703
719
235
889
308
59
867
793
397
742
533
503
408
585
444
683
2
367
382
843
203
206
644
13
691
78
486
377
764
685
397
663
445
667
960
585
45
270
862
167
12
649
747
921
857
191
780
61
988
828
376
490
612
871
227
401
952
567
481
175
680
555
82
715
894
261
783
744
19
464
609
218
461
77
934
787
429
25
327
445
484
305
360
490
698
375
375
538
623
858
119
688
643
966
369
960
56
884
45
872
435
379
161
967
351
143
